=== PIVOT RESULTS ===

--- (a) R1, (i,j)=(2,3), p=7 ---
R  ==>  Rnew
    3    4    4    4    5   ==>       6    0    0    0    6
    2    2    2    2    3   ==>       1    1    1    1    5
    3    4    1    0    1   ==>       2    3    0    6    3

--- (b) R2, (i,j)=(2,2), p=103 ---
R  ==>  Rnew
   81   73    9    0    1    1    8   ==>      99    0   51    0    8    1    8
   32   19    6    0    1    0    0   ==>      83    1   22    0   38    0    0
    2    2    0    1   18   76    5   ==>      42    0   59    1   45   76    5
    0    0    2    2    0    0    2   ==>       0    0    2    2    0    0    2

--- (c) R3, (i,j)=(1,1), p=2 ---
R  ==>  Rnew
    1    1    0    0    1    1    1   ==>       1    1    0    0    1    1    1
    1    1    0    1    1    0    1   ==>       0    0    0    1    0    1    0
    1    1    1    1    1    1    1   ==>       0    0    1    1    0    0    0
    0    1    0    0    1    1    1   ==>       0    1    0    0    1    1    1

--- (d) R4, (i,j)=(3,2), p=3 ---
R  ==>  Rnew
    0    1    2    0    1    2   ==>       1    0    2    0    2    0
    1    1    2    2    0    0   ==>       2    0    2    2    1    1
    1    2    0    0    1    1   ==>       2    1    0    0    2    2
